-0.0481603
-0.0400701
-0.0165296
-0.0581258
-0.0336733
-0.00654463
-0.0309865
-0.0348052
-0.0267367
0.0121081
-0.0410239
-0.00327256
0.000393947
-0.011826
-0.0222971
-0.0220996
-0.0236429
0.0130778
-0.0131382
-0.0123545
-0.0156988
-0.00510513
-0.012942
0.0174777
-0.00773833
-0.00578327
-0.0166207
-0.0122457
0.00848725
0.0212534
0.0124109
0.0155038
0.011221
0.00452247
-0.0173621
0.0182298
0.0207205
0.0289373
0.00634819
0.0265935
0.0258292
0.0235421
-0.0081867
0.0389484
0.017702
-0.000428255
0.0309724
0.0199044
0.0326383
0.0293347
0.0426392
0.0232677
0.0394948
0.033154
0.0367611
0.0472925
0.0339857
0.0484322
0.0585037
0.0323629
0.0532974
0.0374668
0.059272
0.0753056
0.058451
0.0594256
0.0628907
0.0645867
0.04412
0.0741627
0.0751205
0.0532661
0.0545976
0.0746458
0.0878391
0.0750964
0.0737018
0.0878077
0.0671296
0.0891415
0.0673948
0.0829306
0.0819635
0.0729365
0.0990802
0.07063
0.0946259
0.0793544
0.112636
0.0508603
0.103358
0.102157
0.119526
0.0964745
0.11185
0.116264
0.106416
0.0969584
0.0855259
0.0932559
0.0909885
0.0993149
0.114776
0.113431
0.105391
0.102776
0.129319
0.137178
0.135785
0.150567
0.119943
0.15105
0.142012
0.113379
0.132194
0.144476
0.115031
0.119649
0.144194
0.138934
0.151716
0.139662
0.137167
0.16491
0.13539
0.172277
0.146214
0.187716
0.143931
0.165364
0.13465
0.155242
0.169092
0.190533
0.177149
0.139664
0.182715
0.166234
0.193428
0.162727
0.193619
0.184921
0.136419
0.178532
0.179187
0.182212
0.179099
0.206144
0.162533
0.191041
0.201907
0.19585
0.192785
0.184209
0.18703
0.173691
0.182546
0.180465
0.183899
0.158995
0.179409
0.202227
0.1716
0.151658
0.203762
0.178698
0.194148
0.187333
0.147688
0.18777
0.172802
0.200159
0.218145
0.200313
0.178342
0.175019
0.18296
0.150546
0.192785
0.193018
0.199267
0.171029
0.176183
0.188718
0.194546
0.186243
0.188825
0.17006
0.179844
0.178037
0.196087
0.182554
0.183783
0.198688
0.175697
0.16497
0.179199
0.206973
0.174749
0.181246
0.161329
0.184128
0.181697
0.15766
0.204003
0.194968
0.206814
0.184698
0.199808
0.187203
0.210149
0.191946
0.21112
0.177265
0.215955
0.180468
0.21061
0.19229
0.195904
0.212715
0.2124
0.20487
0.221462
0.187835
0.206103
0.201181
0.182193
0.205212
0.201788
0.201583
0.221608
0.185326
0.20159
0.203972
0.154486
0.20083
0.220679
0.204214
0.201867
0.192937
0.198825
0.212694
0.214904
0.230416
0.198357
0.229773
0.246691
0.226883
0.201206
0.205339
0.211883
0.220009
0.228361
0.205061
0.181625
0.187456
0.191
0.223907
0.219707
0.227924
0.205415
0.232557
0.23061
0.223021
0.231658
0.227425
0.241263
0.222075
0.209037
0.180819
0.215576
0.240408
0.184086
0.223478
0.221718
0.220605
0.203014
0.21589
0.213694
0.198256
0.210819
0.216897
0.202745
0.209223
0.184865
0.21032
0.198855
0.203706
0.185753
0.176868
0.201697
0.210141
0.204123
0.185052
0.180933
0.185195
0.201881
0.159123
0.210721
0.187566
0.194848
0.152708
0.216891
0.198773
0.175893
0.175066
0.202197
0.203922
0.179595
0.171059
0.153374
0.194458
0.178891
0.180029
0.177388
0.208722
0.184502
0.179718
0.161275
0.19372
0.162278
0.195296
0.146753
0.17724
0.197396
0.18901
0.198582
0.196083
0.214929
0.191609
0.16938
0.188981
0.208525
0.179894
0.169275
0.176188
0.17126
0.184436
0.199323
0.183798
0.197968
0.204429
0.174296
0.203352
0.189241
0.191644
0.207689
0.192901
0.163208
0.19966
0.16091
0.194745
0.214407
0.192558
0.18141
0.17897
0.19592
0.21784
0.199392
0.192165
0.162623
0.149599
0.196898
0.192303
0.18874
0.127444
0.194019
0.168922
0.189137
0.181114
0.203127
0.207221
0.181357
0.168506
0.190301
0.166881
0.173927
0.192063
0.156512
0.179927
0.174438
0.182143
0.160693
0.179247
0.147973
0.160528
0.172278
0.167118
0.155479
0.181377
0.172405
0.179919
0.154447
0.170586
0.0885194
0.183394
0.16081
0.151222
0.168385
0.136438
0.15658
0.146258
0.13093
0.138094
0.142907
0.15168
0.138754
0.151319
0.142286
0.162026
0.138836
0.117064
0.147105
0.132359
0.105504
0.162058
0.170789
0.133449
0.151936
0.165075
0.133166
0.129934
0.144955
0.155154
0.161731
0.136389
0.13642
0.120173
0.137104
0.133633
0.152478
0.156714
0.144876
0.134134
0.138004
0.15989
0.130737
0.127573
0.15277
0.123746
0.121255
0.125177
0.120759
0.123062
0.132641
0.134688
0.125677
0.148068
0.136309
0.147848
0.159098
0.116205
0.128985
0.0990482
0.155441
0.14379
0.131903
0.109503
0.129924
0.123594
0.138251
0.132939
0.117783
0.137633
0.122458
0.109931
0.151995
0.115809
0.136242
0.123099
0.100087
0.137523
0.147879
0.116185
0.107415
0.143745
0.112067
0.0948103
0.156018
0.127167
0.137071
0.131743
0.134143
0.13887
0.148843
0.142026
0.13693
0.12105
0.119918
0.127403
0.122309
0.142894
0.13906
0.123488
0.137278
0.129836
0.12427
0.149506
0.134383
0.151134
0.141845
0.140708
0.129251
0.116682
0.134777
0.134859
0.140068
0.132513
0.131364
0.119738
0.141377
0.120724
0.111963
0.133532
0.123961
0.0943955
0.120871
0.121539
0.12809
0.125969
0.086551
0.103294
0.105921
0.114415
0.113835
0.108726
0.106221
0.101155
0.0703694
0.0911785
0.069074
0.0444768
0.0933293
0.079178
0.0757893
0.0746178
0.0563907
0.0586449
0.0628548
0.0745973
0.0826213
0.0622626
0.0420471
0.082092
0.0556912
0.0450212
0.0592477
0.0567345
0.0542838
0.0394906
0.0626533
0.0211862
0.0477728
0.0314156
0.050499
0.00637057
0.0264984
0.0569462
0.0252439
0.0417014
0.0200463
0.0479441
0.0186204
0.0405067
0.026393
0.0400202
0.0219993
0.0463334
0.0145897
0.0122503
0.00293936
0.0208848
0.0338625
0.0598973
0.0159815
0.02288
0.0236999
0.0264298
0.0342107
0.0371212
0.0153583
0.00775418
0.0054189
0.034306
0.0305765
0.0216481
0.00880469
0.00222499
-0.0015626
0.037223
0.0145481
0.016861
0.0071284
-0.000983282
-0.00145731
0.00699849
0.00226791
-0.00625784
0.00349775
0.00311044
-0.0291476
-0.0216107
-0.0278505
0.0026804
0.00136603
-0.0100699
-0.0245717
-0.0211747
-0.0338379
-0.0232323
-0.0252261
-0.0444628
-0.0189118
-0.0260234
-0.029576
-0.0287433
-0.0270582
-0.0428666
-0.0526901
-0.0395736
-0.0467834
-0.0416887
-0.0615176
-0.0544903
-0.0604069
-0.0535256
-0.0267345
-0.0552898
-0.071676
-0.0557964
-0.0746362
-0.0761388
-0.041865
-0.0999715
-0.0522411
-0.0616644
-0.079729
-0.0789853
-0.0755874
-0.0707344
-0.0828707
-0.0623752
-0.0823938
-0.0906518
-0.058229
-0.0563563
-0.0614971
-0.0916754
-0.0868006
-0.0747812
-0.0935256
-0.113487
-0.0773566
-0.106113
-0.0981567
-0.0871187
-0.0849004
-0.0976429
-0.104467
-0.0907419
-0.104066
-0.113885
-0.0958493
-0.0828458
-0.133252
-0.121312
-0.127594
-0.115285
-0.0773747
-0.144041
-0.126587
-0.137959
-0.119475
-0.125346
-0.12653
-0.126065
-0.103534
-0.123124
-0.0858099
-0.159427
-0.13672
-0.163472
-0.14294
-0.150966
-0.169977
-0.155984
-0.145695
-0.155018
-0.169065
-0.152222
-0.127148
-0.201723
-0.0953761
-0.153978
-0.173149
-0.163839
-0.171834
-0.1748
-0.191099
-0.187436
-0.164147
-0.184428
-0.175627
-0.152892
-0.211259
-0.186609
-0.185283
-0.172701
-0.182166
-0.196824
-0.19759
-0.18688
-0.199226
-0.184799
-0.194112
-0.156722
-0.191188
-0.210065
-0.173468
-0.190944
-0.190387
-0.179691
-0.182718
-0.185672
-0.189213
-0.180478
-0.176774
-0.204818
-0.188136
-0.193725
-0.227266
-0.191486
-0.213509
-0.170271
-0.190488
-0.184976
-0.195341
-0.159629
-0.184171
-0.209357
-0.205231
-0.177964
-0.210356
-0.240562
-0.199714
-0.211424
-0.194334
-0.1669
-0.195
-0.193179
-0.218061
-0.225755
-0.144945
-0.196613
-0.190207
-0.222287
-0.189705
-0.212651
-0.240459
-0.20903
-0.22133
-0.195739
-0.191161
-0.175308
-0.194327
-0.177173
-0.16164
-0.208101
-0.205894
-0.189997
-0.188092
-0.208492
-0.219562
-0.18393
-0.159385
-0.215152
-0.204809
-0.182424
-0.211294
-0.208601
-0.218865
-0.169884
-0.201182
-0.178654
-0.169743
-0.181395
-0.183255
-0.187633
-0.21638
-0.214571
-0.212301
-0.224748
-0.206034
-0.172644
-0.164277
-0.201964
-0.186951
-0.182652
-0.165564
-0.234366
-0.205659
-0.202293
-0.249416
-0.227913
-0.225051
-0.194666
-0.217556
-0.199479
-0.223113
-0.232173
-0.178429
-0.213511
-0.245783
-0.24507
-0.216053
-0.252918
-0.22944
-0.249954
-0.230817
-0.239536
-0.25845
-0.279075
-0.239992
-0.290633
-0.246737
-0.266003
-0.262992
-0.260961
-0.259155
-0.289457
-0.278591
-0.280387
-0.280858
-0.31098
-0.32139
-0.255762
-0.312693
-0.305295
-0.323079
-0.330314
-0.315004
-0.317884
-0.269906
-0.27468
-0.300959
-0.265672
-0.358724
-0.364854
-0.357906
-0.345863
-0.345656
-0.352021
-0.36004
-0.349373
-0.400295
-0.329903
-0.320881
-0.380081
-0.35923
-0.343343
-0.378996
-0.408264
-0.389179
-0.335224
-0.324914
-0.40764
-0.426096
-0.366385
-0.35681
-0.41687
-0.42411
-0.359995
-0.439032
-0.32191
-0.40532
-0.434768
-0.416982
-0.387479
-0.411857
-0.403737
-0.360401
-0.36097
-0.406876
-0.391503
-0.443136
-0.40315
-0.411034
-0.352114
-0.377188
-0.39965
-0.331865
-0.351573
-0.363642
-0.379642
-0.374728
-0.363958
-0.352683
-0.356845
-0.352257
-0.345545
-0.32099
-0.346943
-0.329654
-0.316068
-0.323175
-0.329702
-0.292358
-0.276432
-0.282133
-0.302712
-0.310618
-0.260914
-0.252819
-0.296188
-0.268296
-0.302338
-0.236054
-0.298948
-0.278913
-0.296947
-0.201825
-0.243884
-0.225495
-0.265366
-0.262222
-0.217026
-0.216943
-0.239954
-0.229238
-0.250546
-0.190503
-0.245813
-0.243649
-0.236541
-0.190021
-0.211104
-0.211896
-0.234867
-0.169237
-0.169558
-0.212075
-0.210536
-0.200153
-0.180202
-0.187628
-0.177194
-0.216076
-0.165493
-0.198746
-0.159322
-0.147342
-0.175227
-0.159308
-0.154661
-0.16857
-0.174325
-0.124543
-0.143766
-0.18477
-0.15102
-0.146192
-0.155488
-0.152933
-0.135464
-0.1458
-0.139113
-0.130055
-0.114559
-0.0985105
-0.10815
-0.115387
-0.132165
-0.0935453
-0.100565
-0.0998484
-0.111752
-0.0899242
-0.120938
-0.106816
-0.0634447
-0.0989815
-0.0928935
-0.0630668
-0.0954182
-0.0712262
-0.0801426
-0.0820071
-0.0710977
-0.058732
-0.0920248
-0.0637623
-0.0456967
-0.0710477
-0.0423485
-0.0768763
-0.0629859
-0.0682358
-0.0646467
-0.0415016
-0.0756314
